0.00,0.00,0.00,1.00,0.00,0.00,17.74,3.43,175,8.87,3.43,-6.24,0.79,0.00,-1.00,5.63,0.60,173,8.87,-3.43,-6.24,0.00,0.00,-1.00,5.63,0.57,179,-8.87,3.43,-6.24,0.00,0.00,-1.00,5.63,0.64,175,-8.87,-3.43,-6.24,0.45,0.00,-1.00,5.63,0.77,175,10.30,0.00,3.43,1.00,0.00,1.00,2.86,2.27,177,11.73,0.00,3.43,1.00,0.19,0.00,4.08,2.37,175,-3.19,0.00,0.00,-1.00,-0.01,-0.04,14.55,0.47,171,2
0.00,0.00,0.00,1.00,0.00,0.00,24.98,6.60,176,12.49,6.60,-12.71,0.48,0.00,-1.00,12.22,1.11,175,12.49,-6.60,-12.71,0.00,0.00,-1.00,12.22,0.93,172,-12.49,6.60,-12.71,0.00,0.00,-1.00,12.22,0.98,175,-12.49,-6.60,-12.71,0.45,0.00,-1.00,12.22,1.19,175,15.38,0.00,6.60,1.00,0.00,1.00,5.79,2.11,178,18.27,0.00,6.60,1.00,0.36,0.00,11.73,3.06,175,-18.47,0.00,0.00,-1.00,0.11,-0.04,6.51,0.29,174,1
0.00,0.00,0.00,1.00,0.00,0.00,25.45,7.01,175,12.72,7.01,-13.40,0.26,0.00,-1.00,12.79,0.96,174,12.72,-7.01,-13.40,0.00,0.00,-1.00,12.79,1.01,175,-12.72,7.01,-13.40,0.00,0.00,-1.00,12.79,0.83,176,-12.72,-7.01,-13.40,0.44,0.00,-1.00,12.79,1.02,172,15.56,0.00,7.01,1.00,0.00,1.00,5.66,2.63,175,18.39,0.00,7.01,1.00,0.70,0.00,11.62,2.65,174,-18.55,0.00,0.00,-1.00,-0.27,-0.16,6.90,0.24,173,1
0.00,0.00,0.00,1.00,0.00,0.00,20.70,3.32,175,10.35,3.32,-7.23,0.50,0.00,-1.00,7.82,0.74,177,10.35,-3.32,-7.23,0.00,0.00,-1.00,7.82,0.61,176,-10.35,3.32,-7.23,0.00,0.00,-1.00,7.82,0.63,171,-10.35,-3.32,-7.23,0.25,0.00,-1.00,7.82,0.58,174,11.88,0.00,3.32,1.00,0.00,1.00,3.06,2.19,173,13.41,0.00,3.32,1.00,-0.04,0.00,3.65,2.05,174,-6.62,0.00,0.00,-1.00,0.08,-0.27,14.09,0.51,173,2
0.00,0.00,0.00,1.00,0.00,0.00,64.89,14.91,172,32.44,14.91,-46.63,0.26,0.00,-1.00,63.44,2.97,173,32.44,-14.91,-46.63,0.00,0.00,-1.00,63.44,2.98,175,-32.44,14.91,-46.63,0.00,0.00,-1.00,63.44,3.10,174,-32.44,-14.91,-46.63,0.32,0.00,-1.00,63.44,3.26,174,51.03,0.00,33.50,1.00,0.00,1.00,52.56,7.22,173,69.62,0.00,52.08,1.00,-0.01,0.00,20.31,4.45,176,-41.57,0.00,0.00,-1.00,0.35,-0.48,23.32,0.75,176,4
0.00,0.00,0.00,1.00,0.00,0.00,27.23,5.75,178,13.61,5.75,-12.53,0.59,0.00,-1.00,13.57,1.03,176,13.61,-5.75,-12.53,0.00,0.00,-1.00,13.57,0.94,174,-13.61,5.75,-12.53,0.00,0.00,-1.00,13.57,0.99,174,-13.61,-5.75,-12.53,0.65,0.00,-1.00,13.57,0.93,179,16.38,0.00,5.75,1.00,0.00,1.00,5.53,2.51,171,19.14,0.00,5.75,1.00,-0.85,0.00,12.52,3.28,173,-20.71,0.00,0.00,-1.00,-0.10,-0.42,6.52,0.28,172,1
0.00,0.00,0.00,1.00,0.00,0.00,27.69,6.31,175,13.84,6.31,-12.66,0.75,0.00,-1.00,12.70,1.20,174,13.84,-6.31,-12.66,0.00,0.00,-1.00,12.70,1.14,174,-13.84,6.31,-12.66,0.00,0.00,-1.00,12.70,1.06,175,-13.84,-6.31,-12.66,0.38,0.00,-1.00,12.70,1.02,178,16.46,0.00,6.31,1.00,0.00,1.00,5.23,2.42,174,19.08,0.00,6.31,1.00,-0.12,0.00,11.22,2.95,175,-20.76,0.00,0.00,-1.00,0.49,1.00,6.93,0.36,175,1
0.00,0.00,0.00,1.00,0.00,0.00,65.10,14.07,178,32.55,14.07,-45.32,0.22,0.00,-1.00,62.49,2.97,170,32.55,-14.07,-45.32,0.00,0.00,-1.00,62.49,2.92,175,-32.55,14.07,-45.32,0.00,0.00,-1.00,62.49,2.99,176,-32.55,-14.07,-45.32,0.09,0.00,-1.00,62.49,3.14,173,48.62,0.00,30.14,1.00,0.00,1.00,45.45,6.68,173,64.69,0.00,46.21,1.00,0.18,0.00,21.54,4.67,175,-41.72,0.00,0.00,-1.00,-0.39,-0.46,23.38,0.88,176,4
0.00,0.00,0.00,1.00,0.00,0.00,69.09,14.85,170,34.55,14.85,-47.38,0.28,0.00,-1.00,65.05,3.27,177,34.55,-14.85,-47.38,0.00,0.00,-1.00,65.05,3.27,177,-34.55,14.85,-47.38,0.00,0.00,-1.00,65.05,3.12,172,-34.55,-14.85,-47.38,0.29,0.00,-1.00,65.05,2.95,172,52.68,0.00,32.98,1.00,0.00,1.00,51.28,6.96,172,70.81,0.00,51.12,1.00,-0.10,0.00,21.17,4.54,174,-46.45,0.00,0.00,-1.00,-0.85,-0.95,22.65,0.74,175,4
0.00,0.00,0.00,1.00,0.00,0.00,19.10,3.48,174,9.55,3.48,-6.83,0.30,0.00,-1.00,6.69,0.80,175,9.55,-3.48,-6.83,0.00,0.00,-1.00,6.69,0.73,175,-9.55,3.48,-6.83,0.00,0.00,-1.00,6.69,0.78,174,-9.55,-3.48,-6.83,0.55,0.00,-1.00,6.69,0.51,179,11.41,0.00,3.48,1.00,0.00,1.00,3.72,1.82,175,13.27,0.00,3.48,1.00,0.02,0.00,4.32,1.76,177,-1.67,0.00,0.00,-1.00,-0.55,0.06,17.43,0.61,179,2
0.00,0.00,0.00,1.00,0.00,0.00,18.28,3.97,176,9.14,3.97,-7.68,0.56,0.00,-1.00,7.41,0.70,174,9.14,-3.97,-7.68,0.00,0.00,-1.00,7.41,0.80,174,-9.14,3.97,-7.68,0.00,0.00,-1.00,7.41,0.59,171,-9.14,-3.97,-7.68,0.65,0.00,-1.00,7.41,0.63,172,10.72,0.00,3.97,1.00,0.00,1.00,3.15,2.04,174,12.29,0.00,3.97,1.00,-0.01,0.00,4.86,1.71,177,-4.71,0.00,0.00,-1.00,0.13,-0.34,13.57,0.47,172,2
0.00,0.00,0.00,1.00,0.00,0.00,25.18,6.46,174,12.59,6.46,-12.99,0.65,0.00,-1.00,13.07,0.90,172,12.59,-6.46,-12.99,0.00,0.00,-1.00,13.07,0.90,175,-12.59,6.46,-12.99,0.00,0.00,-1.00,13.07,1.00,175,-12.59,-6.46,-12.99,0.70,0.00,-1.00,13.07,0.98,170,15.26,0.00,6.46,1.00,0.00,1.00,5.34,2.61,174,17.94,0.00,6.46,1.00,0.01,0.00,11.67,3.00,174,-18.03,0.00,0.00,-1.00,-0.11,-0.61,7.16,0.30,174,1
0.00,0.00,0.00,1.00,0.00,0.00,53.04,11.85,174,26.52,11.85,-31.92,0.11,0.00,-1.00,40.13,3.33,176,26.52,-11.85,-31.92,0.00,0.00,-1.00,40.13,2.66,175,-26.52,11.85,-31.92,0.00,0.00,-1.00,40.13,3.14,172,-26.52,-11.85,-31.92,0.05,0.00,-1.00,40.13,2.50,178,31.47,0.00,16.80,1.00,0.00,1.00,14.00,6.39,177,36.42,0.00,21.75,1.00,0.01,0.00,20.32,5.02,175,-25.63,0.00,0.00,-1.00,-0.51,-0.48,27.41,1.49,174,3
0.00,0.00,0.00,1.00,0.00,0.00,53.51,12.50,176,26.75,12.50,-33.47,0.10,0.00,-1.00,41.94,2.58,171,26.75,-12.50,-33.47,0.00,0.00,-1.00,41.94,2.82,174,-26.75,12.50,-33.47,0.00,0.00,-1.00,41.94,2.68,175,-26.75,-12.50,-33.47,0.16,0.00,-1.00,41.94,2.78,172,32.37,0.00,18.11,1.00,0.00,1.00,15.88,6.08,175,37.98,0.00,23.73,1.00,-0.19,0.00,18.65,5.15,179,-23.78,0.00,0.00,-1.00,0.12,-0.53,29.72,1.40,173,3
0.00,0.00,0.00,1.00,0.00,0.00,57.14,12.29,174,28.57,12.29,-32.33,0.30,0.00,-1.00,40.08,2.48,172,28.57,-12.29,-32.33,0.00,0.00,-1.00,40.08,2.46,175,-28.57,12.29,-32.33,0.00,0.00,-1.00,40.08,2.52,170,-28.57,-12.29,-32.33,0.14,0.00,-1.00,40.08,2.09,174,34.18,0.00,17.90,1.00,0.00,1.00,15.86,5.07,174,39.79,0.00,23.51,1.00,-0.16,0.00,19.62,4.59,175,-28.85,0.00,0.00,-1.00,0.04,-0.39,28.29,1.43,174,3
0.00,0.00,0.00,1.00,0.00,0.00,26.37,6.64,174,13.19,6.64,-12.97,0.63,0.00,-1.00,12.65,0.97,175,13.19,-6.64,-12.97,0.00,0.00,-1.00,12.65,1.00,174,-13.19,6.64,-12.97,0.00,0.00,-1.00,12.65,0.99,175,-13.19,-6.64,-12.97,0.76,0.00,-1.00,12.65,1.04,177,15.98,0.00,6.64,1.00,0.00,1.00,5.59,2.58,173,18.77,0.00,6.64,1.00,-0.33,0.00,11.89,2.99,175,-19.22,0.00,0.00,-1.00,-0.11,0.18,7.15,0.33,178,1
0.00,0.00,0.00,1.00,0.00,0.00,56.05,11.82,172,28.02,11.82,-32.10,0.37,0.00,-1.00,40.56,3.46,170,28.02,-11.82,-32.10,0.00,0.00,-1.00,40.56,2.84,175,-28.02,11.82,-32.10,0.00,0.00,-1.00,40.56,2.97,175,-28.02,-11.82,-32.10,0.12,0.00,-1.00,40.56,2.51,174,33.10,0.00,16.90,1.00,0.00,1.00,14.37,5.83,174,38.18,0.00,21.98,1.00,0.12,0.00,20.32,4.72,174,-25.64,0.00,0.00,-1.00,0.04,-0.12,30.41,1.93,173,3
0.00,0.00,0.00,1.00,0.00,0.00,52.62,13.19,176,26.31,13.19,-33.24,0.26,0.00,-1.00,40.10,2.45,175,26.31,-13.19,-33.24,0.00,0.00,-1.00,40.10,2.37,172,-26.31,13.19,-33.24,0.00,0.00,-1.00,40.10,2.93,175,-26.31,-13.19,-33.24,0.24,0.00,-1.00,40.10,2.79,175,31.27,0.00,18.15,1.00,0.00,1.00,14.02,6.53,173,36.22,0.00,23.10,1.00,-0.05,0.00,19.67,4.12,172,-24.74,0.00,0.00,-1.00,0.30,-0.44,27.88,1.13,176,3
0.00,0.00,0.00,1.00,0.00,0.00,23.20,7.01,177,11.60,7.01,-12.70,0.51,0.00,-1.00,11.37,1.03,171,11.60,-7.01,-12.70,0.00,0.00,-1.00,11.37,1.14,174,-11.60,7.01,-12.70,0.00,0.00,-1.00,11.37,0.91,173,-11.60,-7.01,-12.70,0.56,0.00,-1.00,11.37,0.88,170,14.46,0.00,7.01,1.00,0.00,1.00,5.72,2.37,174,17.32,0.00,7.01,1.00,-0.10,0.00,12.70,2.91,178,-16.14,0.00,0.00,-1.00,-0.00,0.54,7.06,0.29,173,1
0.00,0.00,0.00,1.00,0.00,0.00,25.85,5.63,175,12.92,5.63,-11.87,0.27,0.00,-1.00,12.47,1.07,172,12.92,-5.63,-11.87,0.00,0.00,-1.00,12.47,1.01,174,-12.92,5.63,-11.87,0.00,0.00,-1.00,12.47,0.98,170,-12.92,-5.63,-11.87,0.06,0.00,-1.00,12.47,0.96,177,15.87,0.00,5.63,1.00,0.00,1.00,5.88,2.42,173,18.81,0.00,5.63,1.00,0.17,0.00,12.38,2.56,176,-18.76,0.00,0.00,-1.00,-0.03,0.02,7.09,0.28,174,1
0.00,0.00,0.00,1.00,0.00,0.00,22.16,6.14,175,11.08,6.14,-12.62,0.05,0.00,-1.00,12.96,1.03,175,11.08,-6.14,-12.62,0.00,0.00,-1.00,12.96,1.15,174,-11.08,6.14,-12.62,0.00,0.00,-1.00,12.96,1.00,175,-11.08,-6.14,-12.62,0.60,0.00,-1.00,12.96,0.98,173,13.78,0.00,6.14,1.00,0.00,1.00,5.40,2.82,178,16.48,0.00,6.14,1.00,0.35,0.00,12.29,2.98,175,-14.98,0.00,0.00,-1.00,0.04,-0.05,7.18,0.34,175,1
0.00,0.00,0.00,1.00,0.00,0.00,18.42,3.39,175,9.21,3.39,-6.90,0.37,0.00,-1.00,7.02,0.59,175,9.21,-3.39,-6.90,0.00,0.00,-1.00,7.02,0.63,174,-9.21,3.39,-6.90,0.00,0.00,-1.00,7.02,0.61,174,-9.21,-3.39,-6.90,0.60,0.00,-1.00,7.02,0.52,173,10.85,0.00,3.39,1.00,0.00,1.00,3.27,2.25,175,12.48,0.00,3.39,1.00,0.71,0.00,4.34,2.43,176,-4.00,0.00,0.00,-1.00,-0.18,-0.13,14.42,0.40,173,2
0.00,0.00,0.00,1.00,0.00,0.00,57.96,13.28,173,28.98,13.28,-32.96,0.13,0.00,-1.00,39.37,3.04,172,28.98,-13.28,-32.96,0.00,0.00,-1.00,39.37,2.82,175,-28.98,13.28,-32.96,0.00,0.00,-1.00,39.37,3.03,175,-28.98,-13.28,-32.96,0.28,0.00,-1.00,39.37,2.74,174,33.94,0.00,18.24,1.00,0.00,1.00,14.03,6.10,175,38.90,0.00,23.20,1.00,-0.85,0.00,21.44,5.05,174,-28.05,0.00,0.00,-1.00,-0.09,-0.24,29.91,1.55,172,3
0.00,0.00,0.00,1.00,0.00,0.00,64.82,14.54,175,32.41,14.54,-45.27,0.18,0.00,-1.00,61.46,3.70,173,32.41,-14.54,-45.27,0.00,0.00,-1.00,61.46,2.72,174,-32.41,14.54,-45.27,0.00,0.00,-1.00,61.46,2.41,176,-32.41,-14.54,-45.27,0.23,0.00,-1.00,61.46,3.01,173,51.54,0.00,33.68,1.00,0.00,1.00,54.11,6.78,179,70.67,0.00,52.81,1.00,0.26,0.00,20.58,4.17,174,-42.35,0.00,0.00,-1.00,-0.08,-0.51,22.47,0.87,172,4
0.00,0.00,0.00,1.00,0.00,0.00,67.87,15.63,174,33.94,15.63,-47.54,0.12,0.00,-1.00,63.82,2.72,174,33.94,-15.63,-47.54,0.00,0.00,-1.00,63.82,3.49,174,-33.94,15.63,-47.54,0.00,0.00,-1.00,63.82,2.85,175,-33.94,-15.63,-47.54,0.37,0.00,-1.00,63.82,3.62,170,51.44,0.00,33.14,1.00,0.00,1.00,49.51,7.04,174,68.95,0.00,50.64,1.00,0.64,0.00,19.90,3.98,174,-44.13,0.00,0.00,-1.00,-0.09,-0.53,23.74,0.86,177,4
0.00,0.00,0.00,1.00,0.00,0.00,18.44,3.67,176,9.22,3.67,-6.74,0.54,0.00,-1.00,6.14,0.50,175,9.22,-3.67,-6.74,0.00,0.00,-1.00,6.14,0.74,172,-9.22,3.67,-6.74,0.00,0.00,-1.00,6.14,0.40,172,-9.22,-3.67,-6.74,0.36,0.00,-1.00,6.14,0.75,178,10.75,0.00,3.67,1.00,0.00,1.00,3.07,1.60,172,12.29,0.00,3.67,1.00,-0.13,0.00,3.82,1.78,174,-4.29,0.00,0.00,-1.00,0.64,0.57,14.15,0.38,174,2
0.00,0.00,0.00,1.00,0.00,0.00,15.57,3.57,175,7.78,3.57,-7.59,0.69,0.00,-1.00,8.03,0.63,171,7.78,-3.57,-7.59,0.00,0.00,-1.00,8.03,0.60,177,-7.78,3.57,-7.59,0.00,0.00,-1.00,8.03,0.49,176,-7.78,-3.57,-7.59,0.02,0.00,-1.00,8.03,0.58,173,9.43,0.00,3.57,1.00,0.00,1.00,3.30,2.00,174,11.08,0.00,3.57,1.00,-0.14,0.00,4.53,2.10,174,0.69,0.00,0.00,-1.00,-0.41,0.29,16.26,0.52,173,2
0.00,0.00,0.00,1.00,0.00,0.00,59.46,12.98,175,29.73,12.98,-33.51,0.13,0.00,-1.00,41.05,2.37,179,29.73,-12.98,-33.51,0.00,0.00,-1.00,41.05,2.89,174,-29.73,12.98,-33.51,0.00,0.00,-1.00,41.05,2.70,174,-29.73,-12.98,-33.51,0.24,0.00,-1.00,41.05,2.66,175,34.51,0.00,17.76,1.00,0.00,1.00,13.51,5.75,178,39.29,0.00,22.54,1.00,-0.74,0.00,19.47,5.42,170,-29.81,0.00,0.00,-1.00,-0.22,-0.50,29.65,1.43,175,3
0.00,0.00,0.00,1.00,0.00,0.00,63.63,14.32,175,31.81,14.32,-46.34,0.32,0.00,-1.00,64.04,2.96,174,31.81,-14.32,-46.34,0.00,0.00,-1.00,64.04,2.47,176,-31.81,14.32,-46.34,0.00,0.00,-1.00,64.04,3.13,179,-31.81,-14.32,-46.34,0.04,0.00,-1.00,64.04,2.19,172,49.98,0.00,32.49,1.00,0.00,1.00,51.38,6.63,174,68.15,0.00,50.65,1.00,0.05,0.00,20.20,4.44,172,-41.43,0.00,0.00,-1.00,-0.05,-0.64,22.19,0.73,174,4
0.00,0.00,0.00,1.00,0.00,0.00,55.50,11.29,176,27.75,11.29,-33.03,0.27,0.00,-1.00,43.48,2.60,174,27.75,-11.29,-33.03,0.00,0.00,-1.00,43.48,2.88,172,-27.75,11.29,-33.03,0.00,0.00,-1.00,43.48,2.83,175,-27.75,-11.29,-33.03,0.27,0.00,-1.00,43.48,2.72,170,32.76,0.00,16.30,1.00,0.00,1.00,14.16,6.04,174,37.77,0.00,21.30,1.00,-0.59,0.00,19.72,4.76,175,-24.62,0.00,0.00,-1.00,-0.09,-0.07,30.89,1.59,177,3
0.00,0.00,0.00,1.00,0.00,0.00,24.62,5.73,171,12.31,5.73,-12.45,0.96,0.00,-1.00,13.44,1.02,174,12.31,-5.73,-12.45,0.00,0.00,-1.00,13.44,1.03,176,-12.31,5.73,-12.45,0.00,0.00,-1.00,13.44,0.98,174,-12.31,-5.73,-12.45,0.32,0.00,-1.00,13.44,0.98,174,15.02,0.00,5.73,1.00,0.00,1.00,5.42,2.41,175,17.73,0.00,5.73,1.00,-0.42,0.00,11.78,3.07,174,-17.45,0.00,0.00,-1.00,0.58,-0.53,7.17,0.32,173,1
0.00,0.00,0.00,1.00,0.00,0.00,56.34,12.29,174,28.17,12.29,-31.90,0.26,0.00,-1.00,39.22,2.63,174,28.17,-12.29,-31.90,0.00,0.00,-1.00,39.22,2.65,172,-28.17,12.29,-31.90,0.00,0.00,-1.00,39.22,3.11,177,-28.17,-12.29,-31.90,0.30,0.00,-1.00,39.22,2.63,174,32.98,0.00,17.10,1.00,0.00,1.00,13.60,5.91,174,37.79,0.00,21.91,1.00,-0.19,0.00,20.20,4.75,177,-27.56,0.00,0.00,-1.00,0.20,-0.75,28.78,1.47,175,3
0.00,0.00,0.00,1.00,0.00,0.00,17.49,3.31,173,8.74,3.31,-6.81,0.65,0.00,-1.00,7.00,0.55,175,8.74,-3.31,-6.81,0.00,0.00,-1.00,7.00,0.68,175,-8.74,3.31,-6.81,0.00,0.00,-1.00,7.00,0.63,178,-8.74,-3.31,-6.81,0.08,0.00,-1.00,7.00,0.59,173,10.15,0.00,3.31,1.00,0.00,1.00,2.81,2.15,176,11.56,0.00,3.31,1.00,0.19,0.00,4.08,2.04,175,-1.27,0.00,0.00,-1.00,-0.42,-0.02,16.22,0.60,175,2
0.00,0.00,0.00,1.00,0.00,0.00,54.26,13.15,177,27.13,13.15,-33.35,0.28,0.00,-1.00,40.40,2.70,174,27.13,-13.15,-33.35,0.00,0.00,-1.00,40.40,2.48,171,-27.13,13.15,-33.35,0.00,0.00,-1.00,40.40,2.34,177,-27.13,-13.15,-33.35,0.21,0.00,-1.00,40.40,2.61,170,32.44,0.00,18.47,1.00,0.00,1.00,15.03,6.81,174,37.76,0.00,23.78,1.00,-0.21,0.00,20.33,5.04,175,-26.62,0.00,0.00,-1.00,0.68,-0.15,27.64,1.55,175,3
0.00,0.00,0.00,1.00,0.00,0.00,60.98,13.65,174,30.49,13.65,-43.34,0.18,0.00,-1.00,59.37,2.91,175,30.49,-13.65,-43.34,0.00,0.00,-1.00,59.37,3.04,177,-30.49,13.65,-43.34,0.00,0.00,-1.00,59.37,2.60,175,-30.49,-13.65,-43.34,0.18,0.00,-1.00,59.37,2.45,175,47.40,0.00,30.56,1.00,0.00,1.00,47.82,6.94,179,64.31,0.00,47.47,1.00,0.19,0.00,20.72,4.67,174,-39.96,0.00,0.00,-1.00,-0.01,-0.45,21.02,0.76,175,4
0.00,0.00,0.00,1.00,0.00,0.00,24.69,6.57,171,12.34,6.57,-12.84,0.57,0.00,-1.00,12.53,0.98,172,12.34,-6.57,-12.84,0.00,0.00,-1.00,12.53,1.00,175,-12.34,6.57,-12.84,0.00,0.00,-1.00,12.53,1.00,178,-12.34,-6.57,-12.84,0.47,0.00,-1.00,12.53,1.00,175,15.14,0.00,6.57,1.00,0.00,1.00,5.60,2.84,175,17.94,0.00,6.57,1.00,-0.42,0.00,12.30,2.91,170,-17.98,0.00,0.00,-1.00,-0.37,-0.28,6.71,0.39,175,1
0.00,0.00,0.00,1.00,0.00,0.00,23.89,6.29,177,11.94,6.29,-12.66,0.50,0.00,-1.00,12.74,1.04,179,11.94,-6.29,-12.66,0.00,0.00,-1.00,12.74,1.14,176,-11.94,6.29,-12.66,0.00,0.00,-1.00,12.74,0.94,175,-11.94,-6.29,-12.66,0.52,0.00,-1.00,12.74,1.10,172,14.68,0.00,6.29,1.00,0.00,1.00,5.46,2.53,176,17.41,0.00,6.29,1.00,0.19,0.00,11.34,2.97,172,-16.79,0.00,0.00,-1.00,0.98,0.18,7.10,0.26,175,1
0.00,0.00,0.00,1.00,0.00,0.00,24.57,6.38,172,12.29,6.38,-12.41,0.65,0.00,-1.00,12.05,1.04,172,12.29,-6.38,-12.41,0.00,0.00,-1.00,12.05,1.00,172,-12.29,6.38,-12.41,0.00,0.00,-1.00,12.05,1.07,175,-12.29,-6.38,-12.41,0.52,0.00,-1.00,12.05,0.87,173,14.98,0.00,6.38,1.00,0.00,1.00,5.38,2.58,175,17.67,0.00,6.38,1.00,0.81,0.00,12.38,2.99,174,-17.31,0.00,0.00,-1.00,0.01,0.10,7.26,0.28,175,1
0.00,0.00,0.00,1.00,0.00,0.00,24.66,6.46,173,12.33,6.46,-13.10,0.29,0.00,-1.00,13.27,0.97,175,12.33,-6.46,-13.10,0.00,0.00,-1.00,13.27,1.01,177,-12.33,6.46,-13.10,0.00,0.00,-1.00,13.27,1.03,174,-12.33,-6.46,-13.10,0.70,0.00,-1.00,13.27,0.97,172,15.08,0.00,6.46,1.00,0.00,1.00,5.51,2.64,179,17.84,0.00,6.46,1.00,-0.05,0.00,11.31,2.95,174,-18.53,0.00,0.00,-1.00,0.16,0.13,6.12,0.32,175,1
0.00,0.00,0.00,1.00,0.00,0.00,18.04,3.81,175,9.02,3.81,-7.65,0.39,0.00,-1.00,7.68,0.61,172,9.02,-3.81,-7.65,0.00,0.00,-1.00,7.68,0.49,178,-9.02,3.81,-7.65,0.00,0.00,-1.00,7.68,0.61,174,-9.02,-3.81,-7.65,0.30,0.00,-1.00,7.68,0.65,174,10.48,0.00,3.81,1.00,0.00,1.00,2.92,1.89,174,11.93,0.00,3.81,1.00,-0.56,0.00,4.20,2.49,174,-5.70,0.00,0.00,-1.00,0.36,0.32,12.34,0.59,175,2
0.00,0.00,0.00,1.00,0.00,0.00,19.78,3.42,177,9.89,3.42,-7.31,0.37,0.00,-1.00,7.79,0.56,179,9.89,-3.42,-7.31,0.00,0.00,-1.00,7.79,0.51,177,-9.89,3.42,-7.31,0.00,0.00,-1.00,7.79,0.57,176,-9.89,-3.42,-7.31,0.53,0.00,-1.00,7.79,0.60,177,11.20,0.00,3.42,1.00,0.00,1.00,2.62,1.72,175,12.51,0.00,3.42,1.00,-0.18,0.00,3.87,2.42,171,-4.54,0.00,0.00,-1.00,-0.20,0.06,15.23,0.49,175,2
0.00,0.00,0.00,1.00,0.00,0.00,59.72,11.40,172,29.86,11.40,-29.52,0.34,0.00,-1.00,36.23,2.64,176,29.86,-11.40,-29.52,0.00,0.00,-1.00,36.23,2.70,178,-29.86,11.40,-29.52,0.00,0.00,-1.00,36.23,2.37,174,-29.86,-11.40,-29.52,0.17,0.00,-1.00,36.23,2.06,173,34.82,0.00,16.36,1.00,0.00,1.00,14.03,6.03,174,39.78,0.00,21.32,1.00,-0.24,0.00,19.97,5.33,176,-31.40,0.00,0.00,-1.00,0.17,-0.65,28.33,1.97,171,3
0.00,0.00,0.00,1.00,0.00,0.00,23.93,5.57,170,11.96,5.57,-11.48,0.56,0.00,-1.00,11.83,1.05,175,11.96,-5.57,-11.48,0.00,0.00,-1.00,11.83,1.09,173,-11.96,5.57,-11.48,0.00,0.00,-1.00,11.83,1.09,174,-11.96,-5.57,-11.48,0.74,0.00,-1.00,11.83,0.96,176,14.64,0.00,5.57,1.00,0.00,1.00,5.35,2.74,173,17.32,0.00,5.57,1.00,-0.45,0.00,12.03,3.32,175,-16.59,0.00,0.00,-1.00,-0.12,-0.08,7.34,0.25,174,1
0.00,0.00,0.00,1.00,0.00,0.00,52.32,11.87,174,26.16,11.87,-31.51,0.23,0.00,-1.00,39.28,2.62,174,26.16,-11.87,-31.51,0.00,0.00,-1.00,39.28,2.63,174,-26.16,11.87,-31.51,0.00,0.00,-1.00,39.28,2.34,174,-26.16,-11.87,-31.51,0.02,0.00,-1.00,39.28,3.32,173,31.11,0.00,16.82,1.00,0.00,1.00,13.99,6.17,175,36.05,0.00,21.77,1.00,0.20,0.00,20.47,5.02,174,-20.34,0.00,0.00,-1.00,-0.33,-0.27,31.98,1.33,178,3
0.00,0.00,0.00,1.00,0.00,0.00,64.93,15.11,174,32.46,15.11,-45.25,0.05,0.00,-1.00,60.27,3.65,171,32.46,-15.11,-45.25,0.00,0.00,-1.00,60.27,2.63,175,-32.46,15.11,-45.25,0.00,0.00,-1.00,60.27,3.19,175,-32.46,-15.11,-45.25,0.27,0.00,-1.00,60.27,2.43,174,51.06,0.00,33.71,1.00,0.00,1.00,52.60,8.52,175,69.66,0.00,52.31,1.00,0.74,0.00,18.85,4.84,172,-43.60,0.00,0.00,-1.00,0.53,-0.42,21.33,0.56,172,4
0.00,0.00,0.00,1.00,0.00,0.00,18.61,3.92,174,9.31,3.92,-7.84,0.63,0.00,-1.00,7.84,0.64,173,9.31,-3.92,-7.84,0.00,0.00,-1.00,7.84,0.61,171,-9.31,3.92,-7.84,0.00,0.00,-1.00,7.84,0.51,175,-9.31,-3.92,-7.84,0.35,0.00,-1.00,7.84,0.63,174,11.21,0.00,3.92,1.00,0.00,1.00,3.81,1.94,174,13.12,0.00,3.92,1.00,-0.19,0.00,4.47,1.87,177,-3.95,0.00,0.00,-1.00,0.49,0.03,14.66,0.49,171,2
0.00,0.00,0.00,1.00,0.00,0.00,55.95,12.29,176,27.98,12.29,-32.47,0.24,0.00,-1.00,40.35,2.67,174,27.98,-12.29,-32.47,0.00,0.00,-1.00,40.35,2.55,178,-27.98,12.29,-32.47,0.00,0.00,-1.00,40.35,3.14,174,-27.98,-12.29,-32.47,0.20,0.00,-1.00,40.35,2.60,172,32.70,0.00,17.02,1.00,0.00,1.00,13.36,6.09,175,37.43,0.00,21.75,1.00,0.21,0.00,19.93,5.53,176,-23.02,0.00,0.00,-1.00,0.59,-0.43,32.93,1.45,178,3
0.00,0.00,0.00,1.00,0.00,0.00,17.91,3.98,175,8.95,3.98,-6.53,0.25,0.00,-1.00,5.11,0.67,178,8.95,-3.98,-6.53,0.00,0.00,-1.00,5.11,0.60,176,-8.95,3.98,-6.53,0.00,0.00,-1.00,5.11,0.59,175,-8.95,-3.98,-6.53,0.53,0.00,-1.00,5.11,0.46,179,10.18,0.00,3.98,1.00,0.00,1.00,2.46,1.77,174,11.41,0.00,3.98,1.00,-0.08,0.00,4.31,2.08,179,-4.57,0.00,0.00,-1.00,0.07,0.03,13.33,0.35,172,2
0.00,0.00,0.00,1.00,0.00,0.00,25.58,6.87,176,12.79,6.87,-13.22,0.46,0.00,-1.00,12.70,1.03,173,12.79,-6.87,-13.22,0.00,0.00,-1.00,12.70,0.96,174,-12.79,6.87,-13.22,0.00,0.00,-1.00,12.70,0.98,172,-12.79,-6.87,-13.22,0.13,0.00,-1.00,12.70,1.04,174,15.68,0.00,6.87,1.00,0.00,1.00,5.78,2.59,178,18.57,0.00,6.87,1.00,-0.19,0.00,10.54,2.98,174,-18.38,0.00,0.00,-1.00,0.07,-0.11,7.19,0.29,174,1
0.00,0.00,0.00,1.00,0.00,0.00,23.93,6.34,176,11.96,6.34,-11.86,0.47,0.00,-1.00,11.05,1.10,174,11.96,-6.34,-11.86,0.00,0.00,-1.00,11.05,1.12,179,-11.96,6.34,-11.86,0.00,0.00,-1.00,11.05,0.91,174,-11.96,-6.34,-11.86,0.03,0.00,-1.00,11.05,0.85,175,14.52,0.00,6.34,1.00,0.00,1.00,5.11,2.41,170,17.07,0.00,6.34,1.00,-0.06,0.00,11.77,3.03,177,-17.03,0.00,0.00,-1.00,-0.59,0.18,6.89,0.34,174,1
0.00,0.00,0.00,1.00,0.00,0.00,25.21,6.45,175,12.61,6.45,-12.45,0.33,0.00,-1.00,12.01,0.92,171,12.61,-6.45,-12.45,0.00,0.00,-1.00,12.01,1.01,176,-12.61,6.45,-12.45,0.00,0.00,-1.00,12.01,0.99,175,-12.61,-6.45,-12.45,0.48,0.00,-1.00,12.01,1.20,172,15.50,0.00,6.45,1.00,0.00,1.00,5.79,2.31,175,18.40,0.00,6.45,1.00,-0.10,0.00,11.10,2.51,179,-18.19,0.00,0.00,-1.00,-0.01,0.36,7.03,0.31,179,1
0.00,0.00,0.00,1.00,0.00,0.00,24.87,6.89,173,12.44,6.89,-12.92,0.21,0.00,-1.00,12.07,0.99,175,12.44,-6.89,-12.92,0.00,0.00,-1.00,12.07,1.00,172,-12.44,6.89,-12.92,0.00,0.00,-1.00,12.07,1.12,172,-12.44,-6.89,-12.92,0.37,0.00,-1.00,12.07,1.01,174,15.28,0.00,6.89,1.00,0.00,1.00,5.69,2.51,175,18.13,0.00,6.89,1.00,0.08,0.00,11.57,2.93,177,-18.47,0.00,0.00,-1.00,0.16,-0.10,6.40,0.28,176,1
0.00,0.00,0.00,1.00,0.00,0.00,24.95,6.56,174,12.47,6.56,-12.40,0.43,0.00,-1.00,11.67,0.95,174,12.47,-6.56,-12.40,0.00,0.00,-1.00,11.67,1.01,175,-12.47,6.56,-12.40,0.00,0.00,-1.00,11.67,0.95,172,-12.47,-6.56,-12.40,0.69,0.00,-1.00,11.67,1.00,174,15.35,0.00,6.56,1.00,0.00,1.00,5.76,2.29,177,18.23,0.00,6.56,1.00,0.35,0.00,11.97,3.14,177,-17.53,0.00,0.00,-1.00,-0.13,0.05,7.42,0.28,179,1
0.00,0.00,0.00,1.00,0.00,0.00,17.81,3.32,175,8.91,3.32,-5.98,0.77,0.00,-1.00,5.33,0.60,172,8.91,-3.32,-5.98,0.00,0.00,-1.00,5.33,0.60,175,-8.91,3.32,-5.98,0.00,0.00,-1.00,5.33,0.68,175,-8.91,-3.32,-5.98,0.26,0.00,-1.00,5.33,0.61,176,10.22,0.00,3.32,1.00,0.00,1.00,2.63,2.42,173,11.54,0.00,3.32,1.00,-0.18,0.00,3.36,2.06,174,-5.99,0.00,0.00,-1.00,-0.20,0.45,11.82,0.44,172,2
0.00,0.00,0.00,1.00,0.00,0.00,20.23,3.51,178,10.12,3.51,-5.93,0.38,0.00,-1.00,4.83,0.60,173,10.12,-3.51,-5.93,0.00,0.00,-1.00,4.83,0.53,172,-10.12,3.51,-5.93,0.00,0.00,-1.00,4.83,0.49,172,-10.12,-3.51,-5.93,0.28,0.00,-1.00,4.83,0.67,175,11.64,0.00,3.51,1.00,0.00,1.00,3.04,2.26,174,13.15,0.00,3.51,1.00,0.02,0.00,3.80,1.97,173,-8.36,0.00,0.00,-1.00,-0.05,-0.45,11.87,0.39,174,2
0.00,0.00,0.00,1.00,0.00,0.00,19.77,3.38,179,9.89,3.38,-7.51,0.42,0.00,-1.00,8.27,0.57,174,9.89,-3.38,-7.51,0.00,0.00,-1.00,8.27,0.72,175,-9.89,3.38,-7.51,0.00,0.00,-1.00,8.27,0.63,175,-9.89,-3.38,-7.51,0.50,0.00,-1.00,8.27,0.52,175,11.26,0.00,3.38,1.00,0.00,1.00,2.75,1.97,174,12.64,0.00,3.38,1.00,0.40,0.00,3.95,1.98,174,-6.78,0.00,0.00,-1.00,-0.06,-0.92,12.99,0.41,174,2
0.00,0.00,0.00,1.00,0.00,0.00,18.65,3.60,178,9.33,3.60,-6.45,0.75,0.00,-1.00,5.70,0.50,171,9.33,-3.60,-6.45,0.00,0.00,-1.00,5.70,0.47,175,-9.33,3.60,-6.45,0.00,0.00,-1.00,5.70,0.60,175,-9.33,-3.60,-6.45,0.39,0.00,-1.00,5.70,0.50,177,10.89,0.00,3.60,1.00,0.00,1.00,3.13,2.14,175,12.46,0.00,3.60,1.00,-0.21,0.00,4.87,2.42,174,-5.37,0.00,0.00,-1.00,-0.48,-0.61,13.29,0.57,175,2
0.00,0.00,0.00,1.00,0.00,0.00,19.16,4.09,170,9.58,4.09,-6.98,0.78,0.00,-1.00,5.78,0.65,175,9.58,-4.09,-6.98,0.00,0.00,-1.00,5.78,0.64,173,-9.58,4.09,-6.98,0.00,0.00,-1.00,5.78,0.63,173,-9.58,-4.09,-6.98,0.29,0.00,-1.00,5.78,0.58,175,11.14,0.00,4.09,1.00,0.00,1.00,3.13,1.83,176,12.71,0.00,4.09,1.00,-0.39,0.00,4.38,2.02,175,-9.02,0.00,0.00,-1.00,0.51,-0.48,10.14,0.49,174,2
0.00,0.00,0.00,1.00,0.00,0.00,64.69,13.91,175,32.35,13.91,-47.36,0.23,0.00,-1.00,66.89,2.98,179,32.35,-13.91,-47.36,0.00,0.00,-1.00,66.89,3.05,174,-32.35,13.91,-47.36,0.00,0.00,-1.00,66.89,3.29,174,-32.35,-13.91,-47.36,0.24,0.00,-1.00,66.89,2.92,174,49.72,0.00,31.28,1.00,0.00,1.00,49.12,7.78,172,67.08,0.00,48.65,1.00,-0.12,0.00,19.86,5.12,172,-42.49,0.00,0.00,-1.00,0.34,-0.88,22.21,0.80,170,4
0.00,0.00,0.00,1.00,0.00,0.00,19.62,3.84,174,9.81,3.84,-7.28,0.47,0.00,-1.00,6.89,0.70,176,9.81,-3.84,-7.28,0.00,0.00,-1.00,6.89,0.70,173,-9.81,3.84,-7.28,0.00,0.00,-1.00,6.89,0.62,174,-9.81,-3.84,-7.28,0.46,0.00,-1.00,6.89,0.62,173,11.71,0.00,3.84,1.00,0.00,1.00,3.80,1.59,175,13.61,0.00,3.84,1.00,0.09,0.00,4.15,1.84,171,-3.48,0.00,0.00,-1.00,0.16,-0.18,16.14,0.52,175,2
0.00,0.00,0.00,1.00,0.00,0.00,68.23,15.14,175,34.11,15.14,-47.12,0.17,0.00,-1.00,63.95,2.01,174,34.11,-15.14,-47.12,0.00,0.00,-1.00,63.95,3.02,174,-34.11,15.14,-47.12,0.00,0.00,-1.00,63.95,3.03,172,-34.11,-15.14,-47.12,0.21,0.00,-1.00,63.95,2.49,177,52.13,0.00,33.16,1.00,0.00,1.00,50.95,5.76,177,70.14,0.00,51.17,1.00,-0.22,0.00,19.83,3.92,172,-44.44,0.00,0.00,-1.00,0.36,-0.68,23.78,0.74,175,4
0.00,0.00,0.00,1.00,0.00,0.00,64.93,13.40,174,32.46,13.40,-44.94,0.09,0.00,-1.00,63.07,3.13,174,32.46,-13.40,-44.94,0.00,0.00,-1.00,63.07,3.47,172,-32.46,13.40,-44.94,0.00,0.00,-1.00,63.07,3.04,178,-32.46,-13.40,-44.94,0.26,0.00,-1.00,63.07,3.39,174,51.20,0.00,32.14,1.00,0.00,1.00,52.99,5.82,174,69.94,0.00,50.88,1.00,0.06,0.00,20.36,4.42,174,-42.00,0.00,0.00,-1.00,-0.89,-0.73,22.93,0.83,175,4
0.00,0.00,0.00,1.00,0.00,0.00,63.98,14.49,170,31.99,14.49,-48.19,0.41,0.00,-1.00,67.39,3.60,175,31.99,-14.49,-48.19,0.00,0.00,-1.00,67.39,2.96,174,-31.99,14.49,-48.19,0.00,0.00,-1.00,67.39,3.08,177,-31.99,-14.49,-48.19,0.21,0.00,-1.00,67.39,3.52,174,49.07,0.00,31.57,1.00,0.00,1.00,48.31,6.60,177,66.15,0.00,48.65,1.00,-0.90,0.00,19.89,4.75,174,-41.15,0.00,0.00,-1.00,-0.50,-0.49,22.83,0.59,179,4
0.00,0.00,0.00,1.00,0.00,0.00,68.92,14.15,176,34.46,14.15,-47.38,0.18,0.00,-1.00,66.45,2.89,172,34.46,-14.15,-47.38,0.00,0.00,-1.00,66.45,2.93,179,-34.46,14.15,-47.38,0.00,0.00,-1.00,66.45,3.18,173,-34.46,-14.15,-47.38,0.22,0.00,-1.00,66.45,2.84,173,53.01,0.00,32.70,1.00,0.00,1.00,52.46,6.63,172,71.56,0.00,51.25,1.00,0.09,0.00,19.98,4.60,170,-47.25,0.00,0.00,-1.00,-0.22,-0.55,21.67,0.77,171,4
0.00,0.00,0.00,1.00,0.00,0.00,16.13,4.44,172,8.07,4.44,-7.89,0.18,0.00,-1.00,6.89,0.48,175,8.07,-4.44,-7.89,0.00,0.00,-1.00,6.89,0.66,177,-8.07,4.44,-7.89,0.00,0.00,-1.00,6.89,0.57,179,-8.07,-4.44,-7.89,0.88,0.00,-1.00,6.89,0.62,174,9.74,0.00,4.44,1.00,0.00,1.00,3.35,1.88,175,11.42,0.00,4.44,1.00,0.16,0.00,3.74,1.93,175,-1.86,0.00,0.00,-1.00,-0.46,0.18,14.27,0.49,174,2
0.00,0.00,0.00,1.00,0.00,0.00,19.32,3.53,176,9.66,3.53,-5.55,0.69,0.00,-1.00,4.04,0.62,176,9.66,-3.53,-5.55,0.00,0.00,-1.00,4.04,0.63,177,-9.66,3.53,-5.55,0.00,0.00,-1.00,4.04,0.56,176,-9.66,-3.53,-5.55,0.70,0.00,-1.00,4.04,0.69,174,11.42,0.00,3.53,1.00,0.00,1.00,3.52,1.66,176,13.18,0.00,3.53,1.00,0.45,0.00,4.09,2.25,174,-6.77,0.00,0.00,-1.00,0.28,0.37,12.55,0.52,175,2
0.00,0.00,0.00,1.00,0.00,0.00,55.50,10.82,170,27.75,10.82,-31.83,0.39,0.00,-1.00,42.01,2.39,175,27.75,-10.82,-31.83,0.00,0.00,-1.00,42.01,3.16,174,-27.75,10.82,-31.83,0.00,0.00,-1.00,42.01,2.64,179,-27.75,-10.82,-31.83,0.28,0.00,-1.00,42.01,2.69,175,32.80,0.00,15.87,1.00,0.00,1.00,14.29,5.82,175,37.85,0.00,20.93,1.00,0.16,0.00,19.75,4.61,172,-26.61,0.00,0.00,-1.00,0.48,-0.45,28.89,1.70,175,3
0.00,0.00,0.00,1.00,0.00,0.00,19.56,4.38,174,9.78,4.38,-7.58,0.41,0.00,-1.00,6.40,0.61,171,9.78,-4.38,-7.58,0.00,0.00,-1.00,6.40,0.51,177,-9.78,4.38,-7.58,0.00,0.00,-1.00,6.40,0.55,176,-9.78,-4.38,-7.58,0.03,0.00,-1.00,6.40,0.64,174,11.31,0.00,4.38,1.00,0.00,1.00,3.06,1.99,172,12.84,0.00,4.38,1.00,-0.53,0.00,4.52,1.91,174,-7.16,0.00,0.00,-1.00,0.30,-0.10,12.40,0.47,176,2
0.00,0.00,0.00,1.00,0.00,0.00,55.24,11.70,174,27.62,11.70,-29.71,0.32,0.00,-1.00,36.02,2.63,174,27.62,-11.70,-29.71,0.00,0.00,-1.00,36.02,2.59,175,-27.62,11.70,-29.71,0.00,0.00,-1.00,36.02,2.32,174,-27.62,-11.70,-29.71,0.22,0.00,-1.00,36.02,2.65,172,33.01,0.00,17.10,1.00,0.00,1.00,15.25,6.10,174,38.41,0.00,22.49,1.00,-0.21,0.00,19.57,5.77,174,-24.70,0.00,0.00,-1.00,-0.80,-0.67,30.54,1.43,174,3
0.00,0.00,0.00,1.00,0.00,0.00,23.53,6.30,174,11.76,6.30,-12.20,0.45,0.00,-1.00,11.79,1.01,174,11.76,-6.30,-12.20,0.00,0.00,-1.00,11.79,0.90,173,-11.76,6.30,-12.20,0.00,0.00,-1.00,11.79,0.82,173,-11.76,-6.30,-12.20,0.78,0.00,-1.00,11.79,1.02,173,14.63,0.00,6.30,1.00,0.00,1.00,5.73,2.34,173,17.49,0.00,6.30,1.00,-0.03,0.00,12.92,3.08,173,-16.56,0.00,0.00,-1.00,-0.95,0.40,6.97,0.29,177,1
0.00,0.00,0.00,1.00,0.00,0.00,57.09,13.37,179,28.55,13.37,-34.07,0.34,0.00,-1.00,41.39,2.95,174,28.55,-13.37,-34.07,0.00,0.00,-1.00,41.39,2.65,177,-28.55,13.37,-34.07,0.00,0.00,-1.00,41.39,3.14,174,-28.55,-13.37,-34.07,0.38,0.00,-1.00,41.39,2.31,172,33.60,0.00,18.43,1.00,0.00,1.00,14.30,5.87,178,38.66,0.00,23.49,1.00,-0.34,0.00,21.26,4.80,177,-27.68,0.00,0.00,-1.00,0.04,-0.28,29.41,1.79,174,3
0.00,0.00,0.00,1.00,0.00,0.00,55.53,12.59,175,27.76,12.59,-31.79,0.39,0.00,-1.00,38.40,2.63,175,27.76,-12.59,-31.79,0.00,0.00,-1.00,38.40,2.37,172,-27.76,12.59,-31.79,0.00,0.00,-1.00,38.40,2.87,177,-27.76,-12.59,-31.79,0.25,0.00,-1.00,38.40,2.79,172,32.74,0.00,17.57,1.00,0.00,1.00,14.08,6.84,174,37.72,0.00,22.55,1.00,-0.42,0.00,20.24,4.85,175,-24.51,0.00,0.00,-1.00,0.04,-0.99,31.02,1.21,172,3
0.00,0.00,0.00,1.00,0.00,0.00,66.61,15.91,176,33.30,15.91,-49.14,0.20,0.00,-1.00,66.46,2.02,172,33.30,-15.91,-49.14,0.00,0.00,-1.00,66.46,2.88,176,-33.30,15.91,-49.14,0.00,0.00,-1.00,66.46,2.88,176,-33.30,-15.91,-49.14,0.10,0.00,-1.00,66.46,3.38,175,50.69,0.00,33.29,1.00,0.00,1.00,49.17,7.29,175,68.08,0.00,50.68,1.00,0.51,0.00,20.36,4.63,174,-43.96,0.00,0.00,-1.00,0.11,-0.53,22.64,0.78,172,4
0.00,0.00,0.00,1.00,0.00,0.00,21.11,4.42,179,10.55,4.42,-7.53,0.54,0.00,-1.00,6.22,0.60,175,10.55,-4.42,-7.53,0.00,0.00,-1.00,6.22,0.63,172,-10.55,4.42,-7.53,0.00,0.00,-1.00,6.22,0.58,172,-10.55,-4.42,-7.53,0.59,0.00,-1.00,6.22,0.55,174,12.10,0.00,4.42,1.00,0.00,1.00,3.09,1.73,175,13.64,0.00,4.42,1.00,0.32,0.00,3.07,2.08,176,-6.75,0.00,0.00,-1.00,-0.04,-0.19,14.36,0.61,176,2
0.00,0.00,0.00,1.00,0.00,0.00,67.01,13.55,178,33.50,13.55,-43.47,0.29,0.00,-1.00,59.84,3.27,175,33.50,-13.55,-43.47,0.00,0.00,-1.00,59.84,3.14,172,-33.50,13.55,-43.47,0.00,0.00,-1.00,59.84,2.63,175,-33.50,-13.55,-43.47,0.24,0.00,-1.00,59.84,2.57,174,51.06,0.00,31.11,1.00,0.00,1.00,49.66,5.21,174,68.62,0.00,48.67,1.00,-0.10,0.00,20.37,4.86,172,-44.29,0.00,0.00,-1.00,0.15,-0.35,22.72,0.62,175,4
0.00,0.00,0.00,1.00,0.00,0.00,18.96,3.62,171,9.48,3.62,-6.27,0.53,0.00,-1.00,5.28,0.61,177,9.48,-3.62,-6.27,0.00,0.00,-1.00,5.28,0.55,172,-9.48,3.62,-6.27,0.00,0.00,-1.00,5.28,0.61,175,-9.48,-3.62,-6.27,0.05,0.00,-1.00,5.28,0.57,177,10.88,0.00,3.62,1.00,0.00,1.00,2.81,1.77,177,12.29,0.00,3.62,1.00,-0.15,0.00,4.56,1.85,173,-2.57,0.00,0.00,-1.00,-0.03,0.64,16.38,0.47,177,2
0.00,0.00,0.00,1.00,0.00,0.00,55.87,10.84,174,27.93,10.84,-31.00,0.45,0.00,-1.00,40.31,2.71,177,27.93,-10.84,-31.00,0.00,0.00,-1.00,40.31,3.15,174,-27.93,10.84,-31.00,0.00,0.00,-1.00,40.31,2.79,178,-27.93,-10.84,-31.00,0.38,0.00,-1.00,40.31,2.93,175,32.86,0.00,15.76,1.00,0.00,1.00,13.92,6.85,173,37.78,0.00,20.68,1.00,-0.57,0.00,18.86,4.57,172,-23.17,0.00,0.00,-1.00,0.56,-0.78,32.69,1.41,175,3
0.00,0.00,0.00,1.00,0.00,0.00,19.15,2.53,176,9.57,2.53,-5.65,0.44,0.00,-1.00,6.24,0.68,170,9.57,-2.53,-5.65,0.00,0.00,-1.00,6.24,0.63,176,-9.57,2.53,-5.65,0.00,0.00,-1.00,6.24,0.64,173,-9.57,-2.53,-5.65,0.39,0.00,-1.00,6.24,0.60,177,10.94,0.00,2.53,1.00,0.00,1.00,2.73,1.98,177,12.30,0.00,2.53,1.00,-0.44,0.00,3.58,1.99,175,-6.55,0.00,0.00,-1.00,-0.56,-0.59,12.60,0.58,177,2
0.00,0.00,0.00,1.00,0.00,0.00,18.97,4.06,171,9.49,4.06,-7.45,0.63,0.00,-1.00,6.79,0.69,179,9.49,-4.06,-7.45,0.00,0.00,-1.00,6.79,0.59,174,-9.49,4.06,-7.45,0.00,0.00,-1.00,6.79,0.63,172,-9.49,-4.06,-7.45,0.29,0.00,-1.00,6.79,0.44,171,11.00,0.00,4.06,1.00,0.00,1.00,3.04,2.03,175,12.52,0.00,4.06,1.00,-0.32,0.00,3.16,1.74,174,-5.34,0.00,0.00,-1.00,0.47,-0.05,13.63,0.43,174,2
0.00,0.00,0.00,1.00,0.00,0.00,20.41,4.22,174,10.21,4.22,-7.43,0.77,0.00,-1.00,6.43,0.73,175,10.21,-4.22,-7.43,0.00,0.00,-1.00,6.43,0.60,172,-10.21,4.22,-7.43,0.00,0.00,-1.00,6.43,0.58,176,-10.21,-4.22,-7.43,0.55,0.00,-1.00,6.43,0.77,175,11.91,0.00,4.22,1.00,0.00,1.00,3.41,2.04,174,13.61,0.00,4.22,1.00,0.05,0.00,3.15,1.97,172,-7.03,0.00,0.00,-1.00,0.52,-0.17,13.38,0.48,175,2
0.00,0.00,0.00,1.00,0.00,0.00,18.58,3.56,174,9.29,3.56,-6.41,0.47,0.00,-1.00,5.68,0.57,174,9.29,-3.56,-6.41,0.00,0.00,-1.00,5.68,0.61,175,-9.29,3.56,-6.41,0.00,0.00,-1.00,5.68,0.62,175,-9.29,-3.56,-6.41,0.48,0.00,-1.00,5.68,0.65,175,10.78,0.00,3.56,1.00,0.00,1.00,2.98,1.90,174,12.27,0.00,3.56,1.00,-0.10,0.00,4.76,1.94,171,-6.14,0.00,0.00,-1.00,-0.91,0.12,12.44,0.49,177,2
0.00,0.00,0.00,1.00,0.00,0.00,23.07,6.91,176,11.54,6.91,-13.17,0.44,0.00,-1.00,12.52,1.03,172,11.54,-6.91,-13.17,0.00,0.00,-1.00,12.52,1.01,175,-11.54,6.91,-13.17,0.00,0.00,-1.00,12.52,0.93,173,-11.54,-6.91,-13.17,0.67,0.00,-1.00,12.52,1.01,174,14.27,0.00,6.91,1.00,0.00,1.00,5.48,2.23,176,17.01,0.00,6.91,1.00,-0.02,0.00,12.07,2.98,172,-15.99,0.00,0.00,-1.00,0.10,0.09,7.08,0.22,175,1
0.00,0.00,0.00,1.00,0.00,0.00,25.09,6.81,175,12.55,6.81,-13.04,0.40,0.00,-1.00,12.46,1.02,173,12.55,-6.81,-13.04,0.00,0.00,-1.00,12.46,1.07,171,-12.55,6.81,-13.04,0.00,0.00,-1.00,12.46,0.96,175,-12.55,-6.81,-13.04,0.73,0.00,-1.00,12.46,1.06,175,15.24,0.00,6.81,1.00,0.00,1.00,5.40,2.42,175,17.94,0.00,6.81,1.00,-0.02,0.00,12.42,3.05,174,-18.04,0.00,0.00,-1.00,0.10,-0.02,7.05,0.29,177,1
0.00,0.00,0.00,1.00,0.00,0.00,24.26,6.69,176,12.13,6.69,-12.87,0.34,0.00,-1.00,12.36,0.99,179,12.13,-6.69,-12.87,0.00,0.00,-1.00,12.36,0.85,177,-12.13,6.69,-12.87,0.00,0.00,-1.00,12.36,0.94,173,-12.13,-6.69,-12.87,0.63,0.00,-1.00,12.36,1.16,174,14.73,0.00,6.69,1.00,0.00,1.00,5.21,2.26,175,17.33,0.00,6.69,1.00,0.09,0.00,10.35,2.93,175,-16.79,0.00,0.00,-1.00,-0.55,-0.51,7.47,0.30,175,1
0.00,0.00,0.00,1.00,0.00,0.00,70.15,15.33,177,35.08,15.33,-47.03,0.19,0.00,-1.00,63.40,2.87,170,35.08,-15.33,-47.03,0.00,0.00,-1.00,63.40,2.82,172,-35.08,15.33,-47.03,0.00,0.00,-1.00,63.40,2.63,176,-35.08,-15.33,-47.03,0.29,0.00,-1.00,63.40,3.06,173,52.40,0.00,32.65,1.00,0.00,1.00,48.99,6.67,175,69.72,0.00,49.97,1.00,0.10,0.00,19.38,5.20,177,-47.94,0.00,0.00,-1.00,-0.07,-0.52,22.21,0.78,170,4
0.00,0.00,0.00,1.00,0.00,0.00,54.47,10.84,175,27.23,10.84,-30.91,0.25,0.00,-1.00,40.14,3.20,173,27.23,-10.84,-30.91,0.00,0.00,-1.00,40.14,2.34,176,-27.23,10.84,-30.91,0.00,0.00,-1.00,40.14,2.83,178,-27.23,-10.84,-30.91,0.10,0.00,-1.00,40.14,2.83,172,32.25,0.00,15.85,1.00,0.00,1.00,14.18,5.81,175,37.26,0.00,20.87,1.00,-0.07,0.00,18.44,4.87,174,-26.25,0.00,0.00,-1.00,0.10,-0.46,28.21,1.97,175,3
0.00,0.00,0.00,1.00,0.00,0.00,23.63,6.34,177,11.82,6.34,-12.63,0.32,0.00,-1.00,12.58,0.96,174,11.82,-6.34,-12.63,0.00,0.00,-1.00,12.58,1.11,172,-11.82,6.34,-12.63,0.00,0.00,-1.00,12.58,1.01,174,-11.82,-6.34,-12.63,0.55,0.00,-1.00,12.58,0.99,173,14.56,0.00,6.34,1.00,0.00,1.00,5.48,2.24,175,17.30,0.00,6.34,1.00,-0.18,0.00,10.80,2.67,172,-17.09,0.00,0.00,-1.00,-0.14,0.18,6.54,0.29,171,1
0.00,0.00,0.00,1.00,0.00,0.00,65.84,14.96,175,32.92,14.96,-46.22,0.17,0.00,-1.00,62.51,2.61,174,32.92,-14.96,-46.22,0.00,0.00,-1.00,62.51,3.48,174,-32.92,14.96,-46.22,0.00,0.00,-1.00,62.51,3.16,176,-32.92,-14.96,-46.22,0.29,0.00,-1.00,62.51,2.77,175,50.55,0.00,32.59,1.00,0.00,1.00,49.86,6.89,174,68.18,0.00,50.22,1.00,-0.43,0.00,19.96,4.41,177,-42.33,0.00,0.00,-1.00,-0.15,-0.28,23.50,0.62,172,4
0.00,0.00,0.00,1.00,0.00,0.00,55.87,12.20,170,27.94,12.20,-31.55,0.14,0.00,-1.00,38.71,2.40,174,27.94,-12.20,-31.55,0.00,0.00,-1.00,38.71,2.84,173,-27.94,12.20,-31.55,0.00,0.00,-1.00,38.71,2.73,177,-27.94,-12.20,-31.55,0.24,0.00,-1.00,38.71,2.79,174,32.48,0.00,16.75,1.00,0.00,1.00,12.85,6.04,176,37.03,0.00,21.29,1.00,-0.17,0.00,20.27,5.11,175,-27.59,0.00,0.00,-1.00,-0.35,-0.60,28.29,1.29,174,3
0.00,0.00,0.00,1.00,0.00,0.00,54.55,12.10,174,27.27,12.10,-31.75,0.46,0.00,-1.00,39.30,3.16,178,27.27,-12.10,-31.75,0.00,0.00,-1.00,39.30,2.27,174,-27.27,12.10,-31.75,0.00,0.00,-1.00,39.30,2.70,178,-27.27,-12.10,-31.75,0.26,0.00,-1.00,39.30,2.69,175,32.32,0.00,17.14,1.00,0.00,1.00,14.27,5.65,174,37.37,0.00,22.19,1.00,-0.41,0.00,20.96,5.65,175,-24.51,0.00,0.00,-1.00,0.42,-0.56,30.03,1.29,173,3
0.00,0.00,0.00,1.00,0.00,0.00,24.78,6.60,174,12.39,6.60,-12.35,0.52,0.00,-1.00,11.49,1.04,176,12.39,-6.60,-12.35,0.00,0.00,-1.00,11.49,1.01,173,-12.39,6.60,-12.35,0.00,0.00,-1.00,11.49,1.00,174,-12.39,-6.60,-12.35,0.52,0.00,-1.00,11.49,0.97,175,15.29,0.00,6.60,1.00,0.00,1.00,5.80,2.58,172,18.19,0.00,6.60,1.00,-0.94,0.00,11.23,3.02,172,-17.73,0.00,0.00,-1.00,0.54,0.18,7.05,0.38,175,1
0.00,0.00,0.00,1.00,0.00,0.00,69.38,13.96,174,34.69,13.96,-47.59,0.19,0.00,-1.00,67.25,3.83,174,34.69,-13.96,-47.59,0.00,0.00,-1.00,67.25,3.80,177,-34.69,13.96,-47.59,0.00,0.00,-1.00,67.25,2.86,174,-34.69,-13.96,-47.59,0.24,0.00,-1.00,67.25,2.08,174,51.93,0.00,31.20,1.00,0.00,1.00,48.76,8.52,175,69.17,0.00,48.45,1.00,-0.02,0.00,19.01,4.54,176,-46.94,0.00,0.00,-1.00,0.14,-0.30,22.44,0.72,178,4
0.00,0.00,0.00,1.00,0.00,0.00,51.81,11.65,174,25.91,11.65,-31.65,0.30,0.00,-1.00,40.01,2.77,174,25.91,-11.65,-31.65,0.00,0.00,-1.00,40.01,2.40,174,-25.91,11.65,-31.65,0.00,0.00,-1.00,40.01,2.91,174,-25.91,-11.65,-31.65,0.23,0.00,-1.00,40.01,2.60,171,30.61,0.00,16.35,1.00,0.00,1.00,13.30,5.90,172,35.31,0.00,21.05,1.00,-0.54,0.00,19.13,4.11,175,-23.55,0.00,0.00,-1.00,-0.19,-0.45,28.27,1.20,175,3
0.00,0.00,0.00,1.00,0.00,0.00,19.17,2.91,172,9.58,2.91,-6.03,0.80,0.00,-1.00,6.24,0.61,175,9.58,-2.91,-6.03,0.00,0.00,-1.00,6.24,0.54,172,-9.58,2.91,-6.03,0.00,0.00,-1.00,6.24,0.41,178,-9.58,-2.91,-6.03,0.60,0.00,-1.00,6.24,0.57,174,11.08,0.00,2.91,1.00,0.00,1.00,2.99,1.92,175,12.57,0.00,2.91,1.00,0.13,0.00,4.03,2.30,176,-5.73,0.00,0.00,-1.00,0.14,-0.05,13.44,0.57,176,2
0.00,0.00,0.00,1.00,0.00,0.00,55.36,12.25,178,27.68,12.25,-32.04,0.33,0.00,-1.00,39.58,2.72,173,27.68,-12.25,-32.04,0.00,0.00,-1.00,39.58,3.00,179,-27.68,12.25,-32.04,0.00,0.00,-1.00,39.58,2.80,178,-27.68,-12.25,-32.04,0.20,0.00,-1.00,39.58,3.00,179,31.97,0.00,16.54,1.00,0.00,1.00,12.13,6.14,175,36.26,0.00,20.83,1.00,0.27,0.00,18.39,5.24,175,-24.56,0.00,0.00,-1.00,-0.17,-0.99,30.79,1.39,174,3
0.00,0.00,0.00,1.00,0.00,0.00,26.06,6.21,174,13.03,6.21,-12.44,0.24,0.00,-1.00,12.47,0.98,172,13.03,-6.21,-12.44,0.00,0.00,-1.00,12.47,1.02,172,-13.03,6.21,-12.44,0.00,0.00,-1.00,12.47,1.03,175,-13.03,-6.21,-12.44,0.51,0.00,-1.00,12.47,0.97,174,15.91,0.00,6.21,1.00,0.00,1.00,5.76,2.81,175,18.79,0.00,6.21,1.00,0.17,0.00,12.15,2.88,175,-19.19,0.00,0.00,-1.00,0.97,0.70,6.87,0.28,174,1
0.00,0.00,0.00,1.00,0.00,0.00,24.68,6.66,175,12.34,6.66,-13.36,0.93,0.00,-1.00,13.39,0.86,174,12.34,-6.66,-13.36,0.00,0.00,-1.00,13.39,1.02,175,-12.34,6.66,-13.36,0.00,0.00,-1.00,13.39,0.95,175,-12.34,-6.66,-13.36,0.26,0.00,-1.00,13.39,0.98,172,15.02,0.00,6.66,1.00,0.00,1.00,5.36,2.41,176,17.70,0.00,6.66,1.00,0.01,0.00,11.51,3.06,177,-17.54,0.00,0.00,-1.00,-0.49,-0.13,7.14,0.22,175,1
0.00,0.00,0.00,1.00,0.00,0.00,55.57,12.52,173,27.78,12.52,-32.80,0.36,0.00,-1.00,40.55,3.00,174,27.78,-12.52,-32.80,0.00,0.00,-1.00,40.55,2.72,173,-27.78,12.52,-32.80,0.00,0.00,-1.00,40.55,2.10,177,-27.78,-12.52,-32.80,0.14,0.00,-1.00,40.55,2.05,174,32.61,0.00,17.34,1.00,0.00,1.00,13.64,6.18,173,37.43,0.00,22.16,1.00,0.07,0.00,19.68,5.03,178,-25.42,0.00,0.00,-1.00,0.51,-0.52,30.15,1.45,170,3
0.00,0.00,0.00,1.00,0.00,0.00,18.07,3.03,174,9.03,3.03,-6.33,0.44,0.00,-1.00,6.60,0.63,176,9.03,-3.03,-6.33,0.00,0.00,-1.00,6.60,0.49,173,-9.03,3.03,-6.33,0.00,0.00,-1.00,6.60,0.57,173,-9.03,-3.03,-6.33,0.65,0.00,-1.00,6.60,0.56,175,10.43,0.00,3.03,1.00,0.00,1.00,2.78,1.92,173,11.82,0.00,3.03,1.00,-0.05,0.00,4.37,2.48,177,-3.73,0.00,0.00,-1.00,0.75,-0.07,14.33,0.50,177,2
0.00,0.00,0.00,1.00,0.00,0.00,18.07,3.62,176,9.04,3.62,-6.69,0.50,0.00,-1.00,6.14,0.56,174,9.04,-3.62,-6.69,0.00,0.00,-1.00,6.14,0.60,175,-9.04,3.62,-6.69,0.00,0.00,-1.00,6.14,0.58,172,-9.04,-3.62,-6.69,0.36,0.00,-1.00,6.14,0.61,179,10.36,0.00,3.62,1.00,0.00,1.00,2.65,2.21,174,11.68,0.00,3.62,1.00,0.13,0.00,3.70,2.03,175,-4.06,0.00,0.00,-1.00,-0.55,-0.04,14.02,0.70,172,2